,Theta,Gamma,acc,DP,EO,DP ratio
0,0.0003,1.0,0.7815944758317639,0.04027294739159143,0.08460733326791614,1.0623703868108394
1,0.0003,0.9897959183673469,0.7825360954174512,0.04606941081517352,0.1244791155594806,1.052734029142623
2,0.0003,0.9795918367346939,0.7819083490269931,0.03242204123560061,0.08460733326791614,1.070427927811651
3,0.0003,0.9693877551020408,0.7793973634651601,0.0369711644287915,0.079701043404311,1.061042044431689
4,0.0003,0.9591836734693877,0.7793973634651601,0.031541565778853864,0.07194910541981489,1.0692130170853575
5,0.0003,0.9489795918367347,0.7756308851224105,0.03653092670041824,0.10665292905504853,1.0673426601189195
6,0.0003,0.9387755102040817,0.7812806026365349,0.037264656247707084,0.09330782062604256,1.0603522467245812
7,0.0003,0.9285714285714286,0.7728060263653482,0.04379484921857796,0.13196938475125106,1.060666221502943
8,0.0003,0.9183673469387755,0.7624482109227873,0.028753393499156177,0.05765544761717853,1.070909398908315
9,0.0003,0.9081632653061225,0.7784557438794728,0.0307344632768361,0.08977529192424688,1.0704471472245705
10,0.0003,0.8979591836734694,0.7793973634651601,0.03462322987746713,0.0771170640761456,1.0668252443528
11,0.0003,0.8877551020408163,0.7790834902699311,0.034696602832196,0.10338206914597847,1.0657521599406858
12,0.0003,0.8775510204081632,0.7762586315128688,0.0475368699097512,0.09752722990874305,1.0490116341738096
13,0.0003,0.8673469387755102,0.7750031387319525,0.0316883116883116,0.08719131259608148,1.0705386716472942
14,0.0003,0.8571428571428572,0.7815944758317639,0.028826766453885044,0.06092630752624867,1.070012219356919
15,0.0003,0.8469387755102041,0.7797112366603893,0.039098980115929216,0.11345631766591441,1.0618967099287073
16,0.0003,0.8367346938775511,0.7728060263653482,0.029853987820089467,0.11862427632224512,1.0724006197039349
17,0.0003,0.826530612244898,0.7778279974890145,0.04482207058478238,0.10406894972688319,1.053037410095624
18,0.0003,0.8163265306122449,0.7793973634651601,0.04592266490571573,0.09304615183331699,1.054711461290514
19,0.0003,0.8061224489795918,0.7756308851224105,0.03858536943282703,0.08555588264154645,1.0587784199111114
20,0.0003,0.7959183673469388,0.7812806026365349,0.035063467605840504,0.08977529192424688,1.064026423948841
21,0.0003,0.7857142857142857,0.7759447583176398,0.036017316017316,0.09984954044418279,1.0642698925686722
22,0.0003,0.7755102040816326,0.7812806026365349,0.035063467605840504,0.08813986196971185,1.063983304764692
23,0.0003,0.7653061224489797,0.7696672944130571,0.022223200528285303,0.07358453537434992,1.0808959925333954
24,0.0003,0.7551020408163265,0.7797112366603891,0.04247413603345801,0.10011120923690839,1.0554555785741457
25,0.0003,0.7448979591836735,0.7797112366603893,0.031468192824124996,0.08392045268701143,1.0702219024778583
26,0.0003,0.7346938775510204,0.7841054613935969,0.05201262014821334,0.1329179341248814,1.0475397374490962
27,0.0003,0.7244897959183674,0.7724921531701194,0.029487123046445074,0.06419716743531872,1.0708359199800719
28,0.0003,0.7142857142857143,0.7728060263653485,0.033229143737618316,0.07453308474798023,1.065986871399665
29,0.0003,0.7040816326530612,0.778769617074702,0.04416171399222241,0.12353056618585023,1.0554873261791369
30,0.0003,0.6938775510204083,0.7831638418079097,0.04005282852740483,0.0965786805351127,1.0620799274214594
31,0.0003,0.6836734693877551,0.7819083490269931,0.029340377136987283,0.08719131259608148,1.0761165456345414
32,0.0003,0.6734693877551021,0.7753170119271813,0.035283586470027106,0.07806561344977592,1.060904419145635
33,0.0003,0.6632653061224489,0.7775141242937853,0.05061853400836447,0.11018545775684427,1.0466890493236038
34,0.0003,0.653061224489796,0.7806528562460766,0.04621615672463131,0.09304615183331696,1.054101406807575
35,0.0003,0.6428571428571429,0.7759447583176398,0.04041969330104922,0.11604029699407975,1.0603894280012196
36,0.0003,0.6326530612244898,0.7734337727558067,0.016646855968889762,0.059029208778987985,1.0877940338941614
37,0.0003,0.6224489795918368,0.7819083490269931,0.029193631227529493,0.06936512609164952,1.0715497394674376
38,0.0003,0.6122448979591837,0.7815944758317639,0.040713185119964745,0.08882674255061657,1.0596536114464017
39,0.0003,0.6020408163265307,0.7753170119271813,0.04041969330104922,0.08650443201517677,1.0569569176349205
40,0.0003,0.5918367346938775,0.7775141242937853,0.03858536943282703,0.09330782062604256,1.0588336717479188
41,0.0003,0.5816326530612246,0.7797112366603893,0.04247413603345801,0.10269518856507376,1.0554296837541144
42,0.0003,0.5714285714285714,0.7765725047080978,0.036604299655147055,0.08813986196971185,1.062848959818647
43,0.0003,0.5612244897959184,0.762134337727558,0.04218064421454254,0.12284368560494552,1.0560620089342025
44,0.0003,0.5510204081632654,0.764331450094162,0.042987746716560304,0.08529421384882085,1.0583682236664556
45,0.0003,0.5408163265306123,0.7712366603892027,0.04063981216523582,0.09563013116148239,1.0607481235388212
46,0.0003,0.5306122448979592,0.7740615191462648,0.03572382419840042,0.10269518856507376,1.0649533024385214
47,0.0003,0.5204081632653061,0.7687256748273699,0.031835057597769445,0.12258201681221992,1.0718536344641687
48,0.0003,0.5102040816326531,0.7643314500941618,0.04372147626384909,0.13739901220030748,1.0548941883475385
49,0.0003,0.5,0.7778279974890143,0.04643627558881791,0.12025970627678015,1.0546573092944063
