,Theta,Gamma,acc,DP,EO,DP ratio
0,0.9772372209558107,0.95,0.7759447583176395,0.03322914373761826,0.08064959277794126,1.0659418678142738
1,0.772971115260787,0.95,0.7737476459510357,0.040933303984151403,0.10243351977234813,1.0564834778000187
2,0.6114015432641019,0.95,0.7793973634651601,0.03139481986939607,0.07031367546527978,1.0678650451196914
3,0.4836039015243253,0.95,0.7762586315128688,0.038145131704453716,0.11931115690314983,1.0617215824433615
4,0.38251904357481364,0.95,0.7756308851224105,0.047536869909751256,0.09262094004513788,1.0489854241743477
5,0.30256335450600214,0.95,0.7784557438794728,0.04702325922664907,0.12964707421581134,1.0528730023221038
6,0.2393203293472637,0.95,0.7731198995605775,0.039612590799031455,0.08228502273247637,1.0580783306893768
7,0.18929661899206165,0.95,0.7772002510985563,0.02912025827280068,0.08555588264154645,1.072595657649927
8,0.1497290683978221,0.95,0.7734337727558067,0.03763152102135148,0.09821411048964776,1.0620253099066659
9,0.11843208844749543,0.95,0.7806528562460766,0.02963386895590281,0.08813986196971185,1.0688598330014325
10,0.09367693076650038,0.95,0.7803389830508474,0.034403111013280474,0.09657868053511265,1.0665449007442422
11,0.07409619700932736,0.95,0.7762586315128688,0.030807836231565078,0.08882674255061651,1.0695934557743554
12,0.05860830800413468,0.95,0.776886377903327,0.04078655807469361,0.10338206914597844,1.058635267002796
13,0.04635776066449295,0.95,0.7753170119271813,0.04056643921050701,0.12052137506950575,1.0548534293926188
14,0.03666787264486121,0.95,0.7800251098556183,0.0330090248734316,0.08460733326791614,1.0656421856004856
15,0.02900340450071796,0.95,0.771864406779661,0.031835057597769445,0.1050174991005135,1.071804920515043
16,0.022940994717078462,0.95,0.7787696170747018,0.04548242717734241,0.09425636999967296,1.0505761986578817
17,0.018145774527814275,0.95,0.7671563088512241,0.05069190696309339,0.13360481470578617,1.0525958702736946
18,0.014352870800722013,0.95,0.7746892655367232,0.04159366057671138,0.09373303241422168,1.0609286248004235
19,0.011352775264921833,0.95,0.7731198995605775,0.029487123046445074,0.1050174991005135,1.0709292337624705
20,0.008979771921958465,0.95,0.7778279974890143,0.0354303323794849,0.10011120923690839,1.065669341586934
21,0.007102783406586597,0.95,0.7850470809792844,0.04298774671656025,0.0965786805351127,1.0549373936268158
22,0.005618130678521626,0.95,0.7793973634651601,0.03609068897204487,0.10338206914597844,1.0632382525257427
23,0.004443806112921352,0.95,0.7724921531701192,0.03579719715312929,0.08228502273247637,1.0639233145069307
24,0.0035149436528296553,0.95,0.7781418706842436,0.03799838579499587,0.10174663919144344,1.0604615312057826
25,0.0027802358088133226,0.95,0.7834777150031387,0.03337588964707605,0.09726556111601742,1.0707182428894542
26,0.0021990995919337663,0.95,0.7787696170747018,0.045482427177342466,0.11018545775684427,1.057520111065633
27,0.0017394348349564657,0.95,0.7797112366603893,0.041740406486169224,0.10174663919144342,1.0588143788544482
28,0.001375851078394976,0.95,0.7715505335844317,0.025598356445813986,0.07453308474798023,1.0744093768349843
29,0.0010882650800586014,0.95,0.7800251098556183,0.04915107491378673,0.10665292905504858,1.0503037241752313
30,0.0008607914788688806,0.95,0.7746892655367232,0.031614938733582676,0.08719131259608154,1.0681812622789508
31,0.0006808653366451625,0.95,0.7793973634651601,0.04152028762198251,0.1007980898178131,1.0585155836386018
32,0.0005385480897813861,0.95,0.7793973634651601,0.03403624623963608,0.11440486703954472,1.0650883105594144
33,0.0004259785737312885,0.95,0.7809667294413056,0.03953921784430259,0.09916265986327807,1.0591945036994437
34,0.00033693879659252426,0.95,0.7822222222222224,0.0288267664538851,0.0890884113433422,1.0733725256986029
35,0.0002665104764654968,0.95,0.7756308851224105,0.03829187761391145,0.09330782062604259,1.0595508988785767
36,0.00021080337077289234,0.95,0.7859887005649717,0.049958177415804494,0.10691459784777418,1.0456311580357447
37,0.00016674039129177198,0.95,0.7696672944130571,0.0465830214982757,0.10527916789323916,1.048808417770196
38,0.00013188763531720726,0.95,0.7803389830508474,0.031321446914667206,0.07031367546527978,1.0689020097166524
39,0.00010431994440463452,0.95,0.7759447583176398,0.043941595128035804,0.09589179995420799,1.055169628447382
40,8.251456457166592e-05,0.95,0.7853609541745135,0.038218504659182584,0.0878781931769862,1.0606705079720862
41,6.526703407780137e-05,0.95,0.7828499686126804,0.04130016875779585,0.08555588264154645,1.0581561237619987
42,5.162465268314124e-05,0.95,0.7734337727558067,0.036164061926773794,0.11957282569587543,1.0622440998366183
43,4.083385743372432e-05,0.95,0.776886377903327,0.0337427544207205,0.09235927125241225,1.0655221327964224
44,3.2298598174632055e-05,0.95,0.7784557438794728,0.03909898011592927,0.10338206914597847,1.0584393841707018
45,2.5547413582944433e-05,0.95,0.776886377903327,0.03315577078288939,0.07031367546527986,1.0636078650678207
46,2.0207389102435874e-05,0.95,0.7746892655367232,0.038511996478098165,0.09847577928237336,1.0598341324417362
47,1.5983558296870095e-05,0.95,0.774061519146265,0.03997945557267579,0.12189513623131518,1.0631196360957578
48,1.2642609816359158e-05,0.95,0.7834777150031387,0.03689779147406258,0.11087233833774895,1.0654403073286054
49,1e-05,0.95,0.7778279974890145,0.04599603786044465,0.09589179995420799,1.0502911557450387
